name, margin_freeze, margin_black, status
name1|38|70|1
name2|38|70|1
name3|38|70|1
name4|38|70|1
name5|38|70|1
name6|38|70|1
name7|38|70|1
name8|38|70|1
name9|38|70|1
name10|38|70|1
name11|38|70|1
name12|38|70|1
name13|38|70|1
name14|38|70|1
name15|38|70|1
name16|38|70|1
dl 11|38|70|1
dl 12|38|70|1
dl 13|38|70|1
dl 14|38|70|1
dl 21|38|70|2
dl 22|38|70|1
dl 23|38|70|2
dl 24|38|70|2
dl 25|38|70|1
dl 26|38|70|2
dl 27|38|70|2
dl 28|38|70|1
dl 29|38|70|2
DTV ENC#1|38|70|1
DTV ENC#2|38|70|1
Yongmoon MW|38|70|1
dl34|38|70|1
dl35|38|70|1
dl36|38|70|1
dl37|38|70|1
dl38|38|70|1
dl39|38|70|1
dl40|38|70|1
dl41|38|70|1
dl42|38|70|1
dl42|38|70|1
dl44|38|70|1
dl45|38|70|1
dl46|38|70|1
